## Kalman Filter for Sensor Fusion

## Idea Of ​​The Kalman Filter In A Single-Dimension

Kalman filters are discrete systems that allows us to define a dependent variable by an independent variable, where by we will solve for the independent variable so that when we are given measurements (the dependent variable),we can infer an estimate     of the independent variable assuming that noise exists from our input measurement and noise also exists in how we’ve modeled the world with our math equations because of inevitably unaccounted for factors in the non-sterile world.Input variables become more valuable when modeled as a system of equations,ora  matrix, in order to make it possible to determine the relationships between those values. Every variables in every dimension will contain noise, and therefore the introduction of related inputs will allow weighted averaging to take place based on the predicted differential at the next step, the noise unaccounted for in the system,and the noise introduced by the sensor inputs.


```python
import numpy as np
import pandas as pd
import matplotlib.pyplot as plt
import matplotlib.mlab as mlab
import seaborn as sb
from scipy import stats
import time
```


```python
%matplotlib inline
fw = 10 # figure width
```

##  *Despite noisy measurement of individual sensors, We can calculate an optimal estimate of all conditions*.

### https://in.udacity.com/course/artificial-intelligence-for-robotics--cs373

#### Plot the Distributions in this range:


```python
x = np.linspace(-100,100,1000)
```


```python
mean0 = 0.0   # e.g. meters or miles
var0  = 20.0
```


```python
plt.figure(figsize=(fw,5))
plt.plot(x,mlab.normpdf(x, mean0, var0), label='Normal Distribution')
plt.ylim(0, 0.1);
plt.legend(loc='best');
plt.xlabel('Position');
```


![png](output_9_0.png)


## Now we have something, which estimates the moved distance

#### The Mean is  meters, calculated from velocity*dt or step counter or wheel encoder ...

#### VarMove is the Estimated or determined with static measurements


```python
meanMove = 25.0
varMove  = 10.0 
```


```python
plt.figure(figsize=(fw,5))
plt.plot(x,mlab.normpdf(x, meanMove, varMove), label='Normal Distribution')
plt.ylim(0, 0.1);
plt.legend(loc='best');
plt.xlabel('Distance moved');
```


![png](output_13_0.png)


Both Distributions have to be merged together
$\mu_\text{new}=\mu_\text{0}+\mu_\text{move}$ is the new mean and $\sigma^2_\text{new}=\sigma^2_\text{0}+\sigma^2_\text{move}$ is the new variance.




```python
def predict(var, mean, varMove, meanMove):
    new_var = var + varMove
    new_mean= mean+ meanMove
    return new_var, new_mean
```


```python
new_var, new_mean = predict(var0, mean0, varMove, meanMove)
```


```python
plt.figure(figsize=(fw,5))
plt.plot(x,mlab.normpdf(x, mean0, var0), label='Beginning Normal Distribution')
plt.plot(x,mlab.normpdf(x, meanMove, varMove), label='Movement Normal Distribution')
plt.plot(x,mlab.normpdf(x, new_mean, new_var), label='Resulting Normal Distribution')
plt.ylim(0, 0.1);
plt.legend(loc='best');
plt.title('Normal Distributions of 1st Kalman Filter Prediction Step');
plt.savefig('Kalman-Filter-1D-Step.png', dpi=150)
```


![png](output_17_0.png)


### What you see: The resulting distribution is flat > uncertain.

The more often you run the predict step, the flatter the distribution get

First Sensor Measurement (Position) is coming in...
#### Sensor Defaults for Position Measurements
(Estimated or determined with static measurements)


```python
meanSensor = 25.0
varSensor  = 12.0
```


```python
plt.figure(figsize=(fw,5))
plt.plot(x,mlab.normpdf(x, meanSensor, varSensor))
plt.ylim(0, 0.1);
```


![png](output_20_0.png)


Now both Distributions have to be merged together
$\sigma^2_\text{new}=\cfrac{1}{\cfrac{1}{\sigma^2_\text{old}}+\cfrac{1}{\sigma^2_\text{Sensor}}}$ is the new variance and the new mean value is $\mu_\text{new}=\cfrac{\sigma^2_\text{Sensor} \cdot \mu_\text{old} + \sigma^2_\text{old} \cdot \mu_\text{Sensor}}{\sigma^2_\text{old}+\sigma^2_\text{Sensor}}$


```python
def correct(var, mean, varSensor, meanSensor):
    new_mean=(varSensor*mean + var*meanSensor) / (var+varSensor)
    new_var = 1/(1/var +1/varSensor)
    return new_var, new_mean
```


```python
var, mean = correct(new_var, new_mean, varSensor, meanSensor)
```


```python
plt.figure(figsize=(fw,5))
plt.plot(x,mlab.normpdf(x, new_mean, new_var), label='Beginning (after Predict)')
plt.plot(x,mlab.normpdf(x, meanSensor, varSensor), label='Position Sensor Normal Distribution')
plt.plot(x,mlab.normpdf(x, mean, var), label='New Position Normal Distribution')
plt.ylim(0, 0.1);
plt.legend(loc='best');
plt.title('Normal Distributions of 1st Kalman Filter Update Step');
```


![png](output_24_0.png)


###### This is called the Measurement or Correction step! The Filter get's more serious about the actual state.

#### Let's put everything together: The 1D Kalman Filter
"Kalman-Filter: Predicting the Future since 1960"

Let's say, we have some measurements for position and for distance traveled. Both have to be fused with the 1D-Kalman Filter.


```python
positions = (10, 20, 30, 40, 50)+np.random.randn(5)
distances = (10, 10, 10, 10, 10)+np.random.randn(5)
```


```python
positions
```




    array([ 9.54839223, 19.89699091, 29.06691149, 42.33270256, 49.16466159])




```python
distances
```




    array([9.23285848, 8.91488919, 8.46738816, 9.15677889, 9.32091845])




```python
for m in range(len(positions)):
    
    # Predict
    var, mean = predict(var, mean, varMove, distances[m])
    #print('mean: %.2f\tvar:%.2f' % (mean, var))
    plt.plot(x,mlab.normpdf(x, mean, var), label='%i. step (Prediction)' % (m+1))
    
    # Correct
    var, mean = correct(var, mean, varSensor, positions[m])
    print('After correction:  mean= %.2f\tvar= %.2f' % (mean, var))
    plt.plot(x,mlab.normpdf(x, mean, var), label='%i. step (Correction)' % (m+1))
    
plt.ylim(0, 0.1);
plt.xlim(-20, 120)
plt.legend();
```

    After correction:  mean= 19.24	var= 7.29
    After correction:  mean= 23.28	var= 7.08
    After correction:  mean= 30.17	var= 7.05
    After correction:  mean= 41.09	var= 7.04
    After correction:  mean= 49.68	var= 7.04
    


![png](output_30_1.png)



The sensors are represented as normal distributions with their parameters ($\mu$ and $\sigma^2$) and are calculated together with addition or convolution. The prediction decreases the certainty about the state, the correction increases the certainty.

Prediction: Certainty $\downarrow$
Correction: Certainty $\uparrow$

## Kalman Filter - Multi-Dimensional Measurement

#### Multidimensional Kalman filter


Let's assume we drive our car  into a tunnel. The GPS signal is gone. Nevertheless, we might want to get notified that should  exit in the tunnel.The procedure is using the example of a vehicle with navigation device, which enters a tunnel. The last known position is before losing the GPS signal. Afterwards (with permanently installed Navis) only the speed information of the vehicle (wheel speeds & yaw rate) is available as normal distributed noisy measured variable. From this a velocity in x and y can be calculated. 

#### *How would we know now where we are right now? 

##### *It merges the vehicle sensors and calculates the position as well as possible.*



Now lets think, when we were at the tunnel entrance last and drive at 50km / h, then the car can indeed calculated exactly where (x = position) you are 1 minute (t = time) later


So far the perfect world. But the calculation takes over a microcontroller and this relies on sensors. Both the sensors have random errors, the transmission path has interference, and the resolution of CAN bus or analog-to-digital converters can cause many inaccuracies in the simple statement "speed". For example, a speed signal looks like this:

Speed-time course of a measurement
Speed-time course of a measurement

On average, the measured speed is already correct, but there is some "noise". If one calculates a histogram of the determined speeds, one sees that the determined values ​​are approximately subject to a normal distribution.

Histogram of measured velocity with normal distribution
Histogram of measured velocity with normal distribution

So there is one, and really only one, maximum value (unimodal) and a spread (variance). If this is the case, you can do the calculation very well with a trick nevertheless.




### State Vector
Constant Velocity Model for Ego Motion

$$x_k= \left[ \matrix{ x \\ y \\ \dot x \\ \dot y} \right] = \matrix{ \text{Position X} \\ \text{Position Y} \\ \text{Velocity in X} \\ \text{Velocity in Y}}$$



```python
import numpy as np
import matplotlib.pyplot as plt
from scipy.stats import norm

x = np.matrix([[0.0, 0.0, 0.0, 0.0]]).T
print(x, x.shape)
plt.scatter(float(x[0]),float(x[1]), s=100)
plt.title('Initial Location')
```

    [[0.]
     [0.]
     [0.]
     [0.]] (4, 1)
    




    Text(0.5,1,'Initial Location')




![png](output_35_2.png)



```python
P = np.diag([1000.0, 1000.0, 1000.0, 1000.0])
print(P, P.shape)

```

    [[1000.    0.    0.    0.]
     [   0. 1000.    0.    0.]
     [   0.    0. 1000.    0.]
     [   0.    0.    0. 1000.]] (4, 4)
    

## Using Matplotlib to understand the P matrix More:

The value of the vectors on the x,y and $\dot x$, $\dot y$ is very high. Thus the intial position and velocity is very uncertain

While plotting the matrix, make sure we label:
1. Setting the locations of the yticks
2. Setting the locations and labels of the yticks
3. Setting the locations of the yticks
4. Setting the locations and labels of the yticks


## Covariance matrix $P$

An uncertainty must be given for the initial state  x0 . In the 1D case, the σ0 , now a matrix, defines an initial uncertainty for all states.

This matrix is ​​most likely to be changed during the filter passes. It is changed in both the Predict and Correct steps. If one is quite sure about the states at the beginning, one can use low values ​​here, if one does not know exactly how the values ​​of the state vector are, the covariance matrix should be Pinitialized with very large values ​​(1 million or so) to allow the filter to converge relatively quickly (find the right values ​​based on the measurements).





```python
fig = plt.figure(figsize=(6, 6))
im = plt.imshow(P, interpolation="none", cmap=plt.get_cmap('binary'))
plt.title('Initial Covariance Matrix $P$')
ylocs, ylabels = plt.yticks()
plt.yticks(np.arange(7))
# 
plt.yticks(np.arange(6),('$x$', '$y$', '$\dot x$', '$\dot y$'), fontsize=22)
xlocs, xlabels = plt.xticks()
# 
plt.xticks(np.arange(7))

plt.xticks(np.arange(6),('$x$', '$y$', '$\dot x$', '$\dot y$'), fontsize=22)

plt.xlim([-0.5,3.5])
plt.ylim([3.5, -0.5])

from mpl_toolkits.axes_grid1 import make_axes_locatable
divider = make_axes_locatable(plt.gca())
cax = divider.append_axes("right", "5%", pad="3%")
plt.colorbar(im, cax=cax);

```


![png](output_38_0.png)


#### Dynamics matrix A
The core of the filter, however, is the following definition, which we would set up yourself only with great understanding of the physical context. This is not easy for many real problems. For our simple example (in-plane motion), the physics behind it comes from the smooth motion. The position results in xt + 1= x˙t⋅ t + xt and in velocity x˙t + 1= x˙t . For the state vector shown above, the dynamics in matrix notation is as follows:


This states "where" the state vector moves from one calculation step to the next within dt . This dynamic model is also called a "constant velocity" model because it assumes that the velocity remains constant during a filter's calculation step.


As an example, only the first line is written out, which calculates the position after a calculation step with the duration dt .

## *xt + 1= xt+ dt ⋅ x˙t*
This simply reflects physical relationships for the uniform motion. A higher form would be the Constant Acceleration model, which would be a 6D filter and still includes the accelerations in the state vector. In principle, other dynamics can be specified here (eg a  holonomic vehicle ).

#### Initial conditions / initialization
System state x
At the beginning you have to initialize with an initial state. In the 1 Dimensional case, μ0 , now in the multidimensional, was a vector.

If nothing is known, you can simply enter 0 here. If some boundary conditions are already known, they can be communicated to the filter. The choice of the following covariance matrix P controls how fast the filter converges to the correct (measured) values.

 ### Time Step between Filter Steps $dt$


```python
dt = 0.1
```

### Measurement Matrix $H$


The filter must also be told what is measured and how it relates to the state vector. In the example of the vehicle, what enters a tunnel, only the speed, not the position! The values ​​can be measured directly with the factor 1 (ie the velocity is measured directly in the correct unit), which is why in only 1.0 is set to the appropriate position.H


```python
A = np.matrix([[1.0, 0.0, dt, 0.0],
              [0.0, 1.0, 0.0, dt],
              [0.0, 0.0, 1.0, 0.0],
              [0.0, 0.0, 0.0, 1.0]])
print(A, A.shape)


# 
# 


H = np.matrix([[0.0, 0.0, 1.0, 0.0],
              [0.0, 0.0, 0.0, 1.0]])
print(H, H.shape)
```

    [[1.  0.  0.1 0. ]
     [0.  1.  0.  0.1]
     [0.  0.  1.  0. ]
     [0.  0.  0.  1. ]] (4, 4)
    [[0. 0. 1. 0.]
     [0. 0. 0. 1.]] (2, 4)
    

### Measurement Noise Covariance $R$

Measurement noise covariance matrix R
As in the one-dimensional case the variance , a measurement uncertainty must also be stated here.σ0


This measurement uncertainty indicates how much one trusts the measured values ​​of the sensors. Since we measure only $\dot x$ and  $\dot y$ , this is a 2 × 2 matrix. If the sensor is very accurate, small values ​​should be used here. If the sensor is relatively inaccurate, large values ​​should be used here for  $\dot x$, $\dot y$


```python
ra = 10.0**2

R = np.matrix([[ra, 0.0],
              [0.0, ra]])
print(R, R.shape)
```

    [[100.   0.]
     [  0. 100.]] (2, 2)
    

#### Plot between -10 and 10 with .001 steps.


```python
xpdf = np.arange(-10, 10, 0.001)
plt.subplot(121)
plt.plot(xpdf, norm.pdf(xpdf,0,R[0,0]))
plt.title('$\dot x$')

plt.subplot(122)
plt.plot(xpdf, norm.pdf(xpdf,0,R[1,1]))
plt.title('$\dot y$')
plt.tight_layout()
```


![png](output_48_0.png)



```python
sv = 8.8

G = np.matrix([[0.5*dt**2],
               [0.5*dt**2],
               [dt],
               [dt]])

Q = G*G.T*sv**2


```


```python
Q 
```




    matrix([[0.001936, 0.001936, 0.03872 , 0.03872 ],
            [0.001936, 0.001936, 0.03872 , 0.03872 ],
            [0.03872 , 0.03872 , 0.7744  , 0.7744  ],
            [0.03872 , 0.03872 , 0.7744  , 0.7744  ]])



## Unit matrix $I$
Last but not least a unit matrix is ​​necessary.


```python
I = np.eye(4)
print(I, I.shape)
```

    [[1. 0. 0. 0.]
     [0. 1. 0. 0.]
     [0. 0. 1. 0.]
     [0. 0. 0. 1.]] (4, 4)
    

## Measurements


```python
m = 200 # Measurements
vx= 20 # in X
vy= 10 # in Y

mx = np.array(vx+5*np.random.randn(m))
my = np.array(vy+5*np.random.randn(m))

measurements = np.vstack((mx,my))

print(measurements.shape)

print('Standard Deviation of Acceleration Measurements=%.2f' % np.std(mx))
print('You assumed %.2f in R.' % R[0,0])


fig = plt.figure(figsize=(16,5))

plt.step(range(m),mx, label='$\dot x$')
plt.step(range(m),my, label='$\dot y$')
plt.ylabel(r'Velocity $m/s$')
plt.title('Measurements')
plt.legend(loc='best',prop={'size':18})


```

    (2, 200)
    Standard Deviation of Acceleration Measurements=4.98
    You assumed 100.00 in R.
    




    <matplotlib.legend.Legend at 0x28ad1050c18>




![png](output_54_2.png)


# Preallocation for Plotting


```python
xt = []
yt = []
dxt= []
dyt= []
Zx = []
Zy = []
Px = []
Py = []
Pdx= []
Pdy= []
Rdx= []
Rdy= []
Kx = []
Ky = []
Kdx= []
Kdy= []

def savestates(x, Z, P, R, K):
    xt.append(float(x[0]))
    yt.append(float(x[1]))
    dxt.append(float(x[2]))
    dyt.append(float(x[3]))
    Zx.append(float(Z[0]))
    Zy.append(float(Z[1]))
    Px.append(float(P[0,0]))
    Py.append(float(P[1,1]))
    Pdx.append(float(P[2,2]))
    Pdy.append(float(P[3,3]))
    Rdx.append(float(R[0,0]))
    Rdy.append(float(R[1,1]))
    Kx.append(float(K[0,0]))
    Ky.append(float(K[1,0]))
    Kdx.append(float(K[2,0]))
    Kdy.append(float(K[3,0]))  
```

## Kalman Filter Algorithm

## Filtering step Prediction / Predict
This part of the Kalman filter now dares to predict the state of the system in the future. In addition, under certain conditions (observability) a state can be calculated with it which can not be measured! That's amazing, but in our case exactly what we need. We can not measure the position of the vehicle because the GPS of the navigation device has no reception in a tunnel. By initializing the state vector with a position and measuring the velocity, however, the dynamics still be used to make an optimal prediction about the position.A

#### *xt+1=A⋅xt*

The covariance must also be recalculated. Uncertainty about the state of the system increases in the Predict step, as we have seen in the 1D case. In the multidimensional case, the measurement uncertainty Q is additively added, so the uncertainty P is getting bigger and bigger.PQP

#### *P=A⋅P⋅A‘+Q*

That's it. We have in the future ( ) expected. The Kalman filter has made a statement about the expected system state in the future.dt

Goes by now exactly time and the filter is in measuring / correcting and checking whether the prediction of the system state fits well with the new measurements. If so, the covariance chosen to be smaller by the filter (it is safer), if not, larger (something is wrong, the filter becomes more uncertain).dtP
Filter step Measure / Correct
The following mathematical calculations are not something that one must necessarily be able to derive. Rudolf E. Kalman thought about that in a few quiet minutes and it looks crazy, but works.

From the sensors come current measured values , with which an innovation  the state vector  with the measuring matrix  calculated.

#### *w=Z−(H⋅x)*
Then it is looked at with which variance (which in the multi-dimensional case is called covariance matrix) can be further calculated. For this, the uncertainty and the measurement matrix and the measurement uncertainty required.PHR
S=(H⋅P⋅H′+R)
This determines the so-called Kalman gain. It states whether the readings or system dynamics should be more familiar.

#### *K= P⋅ H'S*
The Kalman Gain will decrease if the readings match the predicted system state. If the measured values ​​say otherwise, the elements of matrix K become larger.

This information is now used to update the system state.

#### *x = x + ( K⋅ w )*
And also determined a new covariance for the upcoming Predict step.

#### *P= ( I- ( K⋅ H) ) ⋅ P*



```python
def kalman_filter(x,P):
    for n in range(len(measurements[0])):
 
        # Time Update (Prediction)
        # ========================
        # Project the state ahead
        x = A*x
    
        # Project the error covariance ahead
        P = A*P*A.T + Q
    
    
        # Measurement Update (Correction)
        # ===============================
        # Compute the Kalman Gain
        S = H*P*H.T + R
        K = (P*H.T) * np.linalg.pinv(S)

    
        # Update the estimate via z
        Z = measurements[:,n].reshape(2,1)
        y = Z - (H*x)                            # Innovation or Residual
        x = x + (K*y)
    
        # Update the error covariance
        P = (I - (K*H))*P
    
    
    
        # Save states (for Plotting)
        savestates(x, Z, P, R, K)
        print("x:", x)
        print("P:", P)

```


```python
kalman_filter(x,P)
```

    x: [[ 1.6176229 ]
     [ 1.35433895]
     [16.18772752]
     [13.554888  ]]
    P: [[ 1.00091039e+03  1.29417780e-03  9.08803314e+00 -2.87595066e-03]
     [ 1.29417780e-03  1.00091039e+03 -2.87595066e-03  9.08803314e+00]
     [ 9.08803314e+00 -2.87595066e-03  9.09154819e+01  6.39100147e-03]
     [-2.87595066e-03  9.08803314e+00  6.39100147e-03  9.09154819e+01]]
    x: [[ 3.32772989]
     [ 2.35236628]
     [16.63567529]
     [11.75885725]]
    P: [[ 1.00190760e+03  2.83682229e-03  9.50412970e+00 -1.96798285e-02]
     [ 2.83682229e-03  1.00190760e+03 -1.96798285e-02  9.50412970e+00]
     [ 9.50412970e+00 -1.96798285e-02  4.78315401e+01  2.12492509e-01]
     [-1.96798285e-02  9.50412970e+00  2.12492509e-01  4.78315401e+01]]
    x: [[ 4.84578698]
     [ 3.61873374]
     [16.14737473]
     [12.05719726]]
    P: [[ 1.00290759e+03  4.36555678e-03  9.64050829e+00 -3.69110627e-02]
     [ 4.36555678e-03  1.00290759e+03 -3.69110627e-02  9.64050829e+00]
     [ 9.64050829e+00 -3.69110627e-02  3.27049710e+01  4.46906496e-01]
     [-3.69110627e-02  9.64050829e+00  4.46906496e-01  3.27049710e+01]]
    x: [[ 6.51713806]
     [ 4.6851181 ]
     [16.28187498]
     [11.70182509]]
    P: [[ 1.00390830e+03  5.86151856e-03  9.70216148e+00 -5.39360809e-02]
     [ 5.86151856e-03  1.00390830e+03 -5.39360809e-02  9.70216148e+00]
     [ 9.70216148e+00 -5.39360809e-02  2.50757838e+01  6.85539880e-01]
     [-5.39360809e-02  9.70216148e+00  6.85539880e-01  2.50757838e+01]]
    x: [[ 7.9695235 ]
     [ 6.01694363]
     [15.92871329]
     [12.02355356]]
    P: [[ 1.00490927e+03  7.31310944e-03  9.73339029e+00 -7.05312752e-02]
     [ 7.31310944e-03  1.00490927e+03 -7.05312752e-02  9.73339029e+00]
     [ 9.73339029e+00 -7.05312752e-02  2.05297472e+01  9.21904028e-01]
     [-7.05312752e-02  9.73339029e+00  9.21904028e-01  2.05297472e+01]]
    x: [[10.3917381 ]
     [ 7.55170968]
     [17.4669223 ]
     [12.73354161]]
    P: [[ 1.00591035e+03  8.71114345e-03  9.74950455e+00 -8.65610231e-02]
     [ 8.71114345e-03  1.00591035e+03 -8.65610231e-02  9.74950455e+00]
     [ 9.74950455e+00 -8.65610231e-02  1.75464639e+01  1.15302130e+00]
     [-8.65610231e-02  9.74950455e+00  1.15302130e+00  1.75464639e+01]]
    x: [[12.11160797]
     [ 8.67707212]
     [17.40103497]
     [12.49455519]]
    P: [[ 1.00691146e+03  1.00482045e-02  9.75722720e+00 -1.01927728e-01]
     [ 1.00482045e-02  1.00691146e+03 -1.01927728e-01  9.75722720e+00]
     [ 9.75722720e+00 -1.01927728e-01  1.54616190e+01  1.37711195e+00]
     [-1.01927728e-01  9.75722720e+00  1.37711195e+00  1.54616190e+01]]
    x: [[13.60235521]
     [10.02439379]
     [17.06202642]
     [12.58957464]]
    P: [[ 1.00791255e+03  1.13185217e-02  9.75998403e+00 -1.16559184e-01]
     [ 1.13185217e-02  1.00791255e+03 -1.16559184e-01  9.75998403e+00]
     [ 9.75998403e+00 -1.16559184e-01  1.39386620e+01  1.59298296e+00]
     [-1.16559184e-01  9.75998403e+00  1.59298296e+00  1.39386620e+01]]
    x: [[16.11086938]
     [10.25090254]
     [17.90700578]
     [11.39593152]]
    P: [[ 1.00891362e+03  1.25179118e-02  9.75970582e+00 -1.30404069e-01]
     [ 1.25179118e-02  1.00891362e+03 -1.30404069e-01  9.75970582e+00]
     [ 9.75970582e+00 -1.30404069e-01  1.27888256e+01  1.79981464e+00]
     [-1.30404069e-01  9.75970582e+00  1.79981464e+00  1.27888256e+01]]
    x: [[18.36208314]
     [10.96472802]
     [18.37525472]
     [10.9778996 ]]
    P: [[ 1.00991463e+03  1.36436999e-02  9.75756061e+00 -1.43429493e-01]
     [ 1.36436999e-02  1.00991463e+03 -1.43429493e-01  9.75756061e+00]
     [ 9.75756061e+00 -1.43429493e-01  1.18980566e+01  1.99706649e+00]
     [-1.43429493e-01  9.75756061e+00  1.99706649e+00  1.18980566e+01]]
    x: [[20.04125567]
     [12.01384488]
     [18.18113213]
     [10.88348596]]
    P: [[ 1.01091560e+03  1.46946046e-02  9.75429091e+00 -1.55618998e-01]
     [ 1.46946046e-02  1.01091560e+03 -1.55618998e-01  9.75429091e+00]
     [ 9.75429091e+00 -1.55618998e-01  1.11934331e+01  2.18442405e+00]
     [-1.55618998e-01  9.75429091e+00  2.18442405e+00  1.11934331e+01]]
    x: [[21.26361734]
     [12.96883481]
     [17.49440273]
     [10.58208395]]
    P: [[ 1.01191650e+03  1.56705920e-02  9.75038481e+00 -1.66970565e-01]
     [ 1.56705920e-02  1.01191650e+03 -1.66970565e-01  9.75038481e+00]
     [ 9.75038481e+00 -1.66970565e-01  1.06262240e+01  2.36176115e+00]
     [-1.66970565e-01  9.75038481e+00  2.36176115e+00  1.06262240e+01]]
    x: [[22.73031123]
     [14.22287966]
     [17.25269413]
     [10.708516  ]]
    P: [[ 1.01291734e+03  1.65727076e-02  9.74616957e+00 -1.77494548e-01]
     [ 1.65727076e-02  1.01291734e+03 -1.77494548e-01  9.74616957e+00]
     [ 9.74616957e+00 -1.77494548e-01  1.01626963e+01  2.52910847e+00]
     [-1.77494548e-01  9.74616957e+00  2.52910847e+00  1.01626963e+01]]
    x: [[24.32557545]
     [14.61426936]
     [16.92089436]
     [ 9.98424716]]
    P: [[ 1.01391811e+03  1.74028970e-02  9.74186644e+00 -1.87211574e-01]
     [ 1.74028970e-02  1.01391811e+03 -1.87211574e-01  9.74186644e+00]
     [ 9.74186644e+00 -1.87211574e-01  9.77882397e+00  2.68662539e+00]
     [-1.87211574e-01  9.74186644e+00  2.68662539e+00  9.77882397e+00]]
    x: [[26.8075284 ]
     [15.66861708]
     [17.71032728]
     [10.28438641]]
    P: [[ 1.01491883e+03  1.81638278e-02  9.73762435e+00 -1.96150486e-01]
     [ 1.81638278e-02  1.01491883e+03 -1.96150486e-01  9.73762435e+00]
     [ 9.73762435e+00 -1.96150486e-01  9.45709068e+00  2.83457412e+00]
     [-1.96150486e-01  9.73762435e+00  2.83457412e+00  9.45709068e+00]]
    x: [[29.60159743]
     [17.12460816]
     [18.82177891]
     [11.02366061]]
    P: [[ 1.01591948e+03  1.88587181e-02  9.73354180e+00 -2.04346396e-01]
     [ 1.88587181e-02  1.01591948e+03 -2.04346396e-01  9.73354180e+00]
     [ 9.73354180e+00 -2.04346396e-01  9.18447635e+00  2.97329622e+00]
     [-2.04346396e-01  9.73354180e+00  2.97329622e+00  9.18447635e+00]]
    x: [[31.86626885]
     [17.2764775 ]
     [18.85414718]
     [10.27191698]]
    P: [[ 1.01692008e+03  1.94911786e-02  9.72968156e+00 -2.11838907e-01]
     [ 1.94911786e-02  1.01692008e+03 -2.11838907e-01  9.72968156e+00]
     [ 9.72968156e+00 -2.11838907e-01  8.95114472e+00  3.10319151e+00]
     [-2.11838907e-01  9.72968156e+00  3.10319151e+00  8.95114472e+00]]
    x: [[33.55600161]
     [18.6370368 ]
     [18.79389417]
     [10.50558039]]
    P: [[ 1.01792062e+03  2.00650737e-02  9.72608084e+00 -2.18670540e-01]
     [ 2.00650737e-02  1.01792062e+03 -2.18670540e-01  9.72608084e+00]
     [ 9.72608084e+00 -2.18670540e-01  8.74956152e+00  3.22469965e+00]
     [-2.18670540e-01  9.72608084e+00  3.22469965e+00  8.74956152e+00]]
    x: [[35.91237203]
     [19.54321741]
     [19.16598417]
     [10.55063963]]
    P: [[ 1.01892111e+03  2.05844008e-02  9.72275860e+00 -2.24885383e-01]
     [ 2.05844008e-02  1.01892111e+03 -2.24885383e-01  9.72275860e+00]
     [ 9.72275860e+00 -2.24885383e-01  8.57388655e+00  3.33828445e+00]
     [-2.24885383e-01  9.72275860e+00  3.33828445e+00  8.57388655e+00]]
    x: [[37.21837287]
     [19.38117066]
     [18.17505642]
     [ 9.25645532]]
    P: [[ 1.01992155e+03  2.10531903e-02  9.71972079e+00 -2.30527968e-01]
     [ 2.10531903e-02  1.01992155e+03 -2.30527968e-01  9.71972079e+00]
     [ 9.71972079e+00 -2.30527968e-01  8.41954518e+00  3.44442080e+00]
     [-2.30527968e-01  9.71972079e+00  3.44442080e+00  8.41954518e+00]]
    x: [[39.10508773]
     [21.07523705]
     [18.53098541]
     [ 9.94534223]]
    P: [[ 1.02092195e+03  2.14754251e-02  9.71696427e+00 -2.35642368e-01]
     [ 2.14754251e-02  1.02092195e+03 -2.35642368e-01  9.71696427e+00]
     [ 9.71696427e+00 -2.35642368e-01  8.28292054e+00  3.54358405e+00]
     [-2.35642368e-01  9.71696427e+00  3.54358405e+00  8.28292054e+00]]
    x: [[41.15657573]
     [21.48731321]
     [18.4693279 ]
     [ 9.52875402]]
    P: [[ 1.02192231e+03  2.18549774e-02  9.71447965e+00 -2.40271486e-01]
     [ 2.18549774e-02  1.02192231e+03 -2.40271486e-01  9.71447965e+00]
     [ 9.71447965e+00 -2.40271486e-01  8.16112863e+00  3.63624175e+00]
     [-2.40271486e-01  9.71447965e+00  3.63624175e+00  8.16112863e+00]]
    x: [[42.94416078]
     [22.29468217]
     [18.36067381]
     [ 9.38263963]]
    P: [[ 1.02292263e+03  2.21955622e-02  9.71225342e+00 -2.44456532e-01]
     [ 2.21955622e-02  1.02292263e+03 -2.44456532e-01  9.71225342e+00]
     [ 9.71225342e+00 -2.44456532e-01  8.05185166e+00  3.72284733e+00]
     [-2.44456532e-01  9.71225342e+00  3.72284733e+00  8.05185166e+00]]
    x: [[45.12907302]
     [24.26646397]
     [19.07686096]
     [10.38410719]]
    P: [[ 1.02392292e+03  2.25007040e-02  9.71026958e+00 -2.48236647e-01]
     [ 2.25007040e-02  1.02392292e+03 -2.48236647e-01  9.71026958e+00]
     [ 9.71026958e+00 -2.48236647e-01  7.95321316e+00  3.80383556e+00]
     [-2.48236647e-01  9.71026958e+00  3.80383556e+00  7.95321316e+00]]
    x: [[47.60275364]
     [24.97797592]
     [19.40389129]
     [10.3539802 ]]
    P: [[ 1.02492317e+03  2.27737150e-02  9.70851070e+00 -2.51648659e-01]
     [ 2.27737150e-02  1.02492317e+03 -2.51648659e-01  9.70851070e+00]
     [ 9.70851070e+00 -2.51648659e-01  7.86368319e+00  3.87961945e+00]
     [-2.51648659e-01  9.70851070e+00  3.87961945e+00  7.86368319e+00]]
    x: [[49.67841478]
     [25.15509853]
     [19.14624368]
     [ 9.71419897]]
    P: [[ 1.02592340e+03  2.30176834e-02  9.70695888e+00 -2.54726943e-01]
     [ 2.30176834e-02  1.02592340e+03 -2.54726943e-01  9.70695888e+00]
     [ 9.70695888e+00 -2.54726943e-01  7.78200590e+00  3.95058828e+00]
     [-2.54726943e-01  9.70695888e+00  3.95058828e+00  7.78200590e+00]]
    x: [[51.52377768]
     [26.24707941]
     [19.14292047]
     [ 9.78118036]]
    P: [[ 1.02692360e+03  2.32354686e-02  9.70559626e+00 -2.57503368e-01]
     [ 2.32354686e-02  1.02692360e+03 -2.57503368e-01  9.70559626e+00]
     [ 9.70559626e+00 -2.57503368e-01  7.70714359e+00  4.01710669e+00]
     [-2.57503368e-01  9.70559626e+00  4.01710669e+00  7.70714359e+00]]
    x: [[52.94316534]
     [27.49265497]
     [18.86568675]
     [ 9.77621876]]
    P: [[ 1.02792379e+03  2.34297025e-02  9.70440551e+00 -2.60007305e-01]
     [ 2.34297025e-02  1.02792379e+03 -2.60007305e-01  9.70440551e+00]
     [ 9.70440551e+00 -2.60007305e-01  7.63823330e+00  4.07951444e+00]
     [-2.60007305e-01  9.70440551e+00  4.07951444e+00  7.63823330e+00]]
    x: [[54.56207111]
     [29.0953903 ]
     [18.93348722]
     [10.15187315]]
    P: [[ 1.02892395e+03  2.36027957e-02  9.70337005e+00 -2.62265690e-01]
     [ 2.36027957e-02  1.02892395e+03 -2.62265690e-01  9.70337005e+00]
     [ 9.70337005e+00 -2.62265690e-01  7.57455282e+00  4.13812670e+00]
     [-2.62265690e-01  9.70337005e+00  4.13812670e+00  7.57455282e+00]]
    x: [[56.90132285]
     [30.0685309 ]
     [19.26531855]
     [10.32105457]]
    P: [[ 1.02992409e+03  2.37569455e-02  9.70247429e+00 -2.64303118e-01]
     [ 2.37569455e-02  1.02992409e+03 -2.64303118e-01  9.70247429e+00]
     [ 9.70247429e+00 -2.64303118e-01  7.51549399e+00  4.19323485e+00]
     [-2.64303118e-01  9.70247429e+00  4.19323485e+00  7.51549399e+00]]
    x: [[58.69343381]
     [31.74606914]
     [19.45651343]
     [10.76381515]]
    P: [[ 1.03092422e+03  2.38941478e-02  9.70170370e+00 -2.66141960e-01]
     [ 2.38941478e-02  1.03092422e+03 -2.66141960e-01  9.70170370e+00]
     [ 9.70170370e+00 -2.66141960e-01  7.46054156e+00  4.24510748e+00]
     [-2.66141960e-01  9.70170370e+00  4.24510748e+00  7.46054156e+00]]
    x: [[60.59073683]
     [33.35688817]
     [19.66698373]
     [11.15640602]]
    P: [[ 1.03192433e+03  2.40162092e-02  9.70104485e+00 -2.67802504e-01]
     [ 2.40162092e-02  1.03192433e+03 -2.67802504e-01  9.70104485e+00]
     [ 9.70104485e+00 -2.67802504e-01  7.40925640e+00  4.29399160e+00]
     [-2.67802504e-01  9.70104485e+00  4.29399160e+00  7.40925640e+00]]
    x: [[63.07319193]
     [33.98783005]
     [19.83783491]
     [11.02408888]]
    P: [[ 1.03292443e+03  2.41247600e-02  9.70048543e+00 -2.69303093e-01]
     [ 2.41247600e-02  1.03292443e+03 -2.69303093e-01  9.70048543e+00]
     [ 9.70048543e+00 -2.69303093e-01  7.36126203e+00  4.34011400e+00]
     [-2.69303093e-01  9.70048543e+00  4.34011400e+00  7.36126203e+00]]
    x: [[65.38823751]
     [34.77092988]
     [19.94092278]
     [10.93583229]]
    P: [[ 1.03392451e+03  2.42212679e-02  9.70001421e+00 -2.70660273e-01]
     [ 2.42212679e-02  1.03392451e+03 -2.70660273e-01  9.70001421e+00]
     [ 9.70001421e+00 -2.70660273e-01  7.31623391e+00  4.38368259e+00]
     [-2.70660273e-01  9.70001421e+00  4.38368259e+00  7.31623391e+00]]
    x: [[66.95467603]
     [34.84824176]
     [19.12913489]
     [ 9.95586795]]
    P: [[ 1.03492459e+03  2.43070510e-02  9.69962103e+00 -2.71888939e-01]
     [ 2.43070510e-02  1.03492459e+03 -2.71888939e-01  9.69962103e+00]
     [ 9.69962103e+00 -2.71888939e-01  7.27389068e+00  4.42488783e+00]
     [-2.71888939e-01  9.69962103e+00  4.42488783e+00  7.27389068e+00]]
    x: [[68.16785711]
     [36.5708013 ]
     [18.94788382]
     [10.17092387]]
    P: [[ 1.03592466e+03  2.43832911e-02  9.69929669e+00 -2.73002476e-01]
     [ 2.43832911e-02  1.03592466e+03 -2.73002476e-01  9.69929669e+00]
     [ 9.69929669e+00 -2.73002476e-01  7.23398714e+00  4.46390404e+00]
     [-2.73002476e-01  9.69929669e+00  4.46390404e+00  7.23398714e+00]]
    x: [[70.06530866]
     [37.0934235 ]
     [18.70987819]
     [ 9.79855788]]
    P: [[ 1.03692472e+03  2.44510455e-02  9.69903293e+00 -2.74012892e-01]
     [ 2.44510455e-02  1.03692472e+03 -2.74012892e-01  9.69903293e+00]
     [ 9.69903293e+00 -2.74012892e-01  7.19630855e+00  4.50089076e+00]
     [-2.74012892e-01  9.69903293e+00  4.50089076e+00  7.19630855e+00]]
    x: [[72.17667663]
     [37.8796562 ]
     [18.79600064]
     [ 9.77046895]]
    P: [[ 1.03792477e+03  2.45112590e-02  9.69882233e+00 -2.74930950e-01]
     [ 2.45112590e-02  1.03792477e+03 -2.74930950e-01  9.69882233e+00]
     [ 9.69882233e+00 -2.74930950e-01  7.16066587e+00  4.53599396e+00]
     [-2.74930950e-01  9.69882233e+00  4.53599396e+00  7.16066587e+00]]
    x: [[73.21784653]
     [39.59467385]
     [18.53154994]
     [ 9.91022361]]
    P: [[ 1.03892482e+03  2.45647746e-02  9.69865827e+00 -2.75766281e-01]
     [ 2.45647746e-02  1.03892482e+03 -2.75766281e-01  9.69865827e+00]
     [ 9.69865827e+00 -2.75766281e-01  7.12689196e+00  4.56934721e+00]
     [-2.75766281e-01  9.69865827e+00  4.56934721e+00  7.12689196e+00]]
    x: [[75.88680173]
     [40.80839062]
     [19.25025043]
     [10.48064765]]
    P: [[ 1.03992486e+03  2.46123439e-02  9.69853484e+00 -2.76527500e-01]
     [ 2.46123439e-02  1.03992486e+03 -2.76527500e-01  9.69853484e+00]
     [ 9.69853484e+00 -2.76527500e-01  7.09483837e+00  4.60107279e+00]
     [-2.76527500e-01  9.69853484e+00  4.60107279e+00  7.09483837e+00]]
    x: [[78.65090367]
     [41.60271155]
     [19.74684205]
     [10.71069764]]
    P: [[ 1.04092490e+03  2.46546358e-02  9.69844679e+00 -2.77222305e-01]
     [ 2.46546358e-02  1.04092490e+03 -2.77222305e-01  9.69844679e+00]
     [ 9.69844679e+00 -2.77222305e-01  7.06437270e+00  4.63128268e+00]
     [-2.77222305e-01  9.69844679e+00  4.63128268e+00  7.06437270e+00]]
    x: [[81.5753713 ]
     [42.14637754]
     [20.18488683]
     [10.79703117]]
    P: [[ 1.04192493e+03  2.46922456e-02  9.69838946e+00 -2.77857573e-01]
     [ 2.46922456e-02  1.04192493e+03 -2.77857573e-01  9.69838946e+00]
     [ 9.69838946e+00 -2.77857573e-01  7.03537643e+00  4.66007951e+00]
     [-2.77857573e-01  9.69838946e+00  4.66007951e+00  7.03537643e+00]]
    x: [[83.22539144]
     [43.21392635]
     [19.9071738 ]
     [10.60218192]]
    P: [[ 1.04292496e+03  2.47257025e-02  9.69835870e+00 -2.78439441e-01]
     [ 2.47257025e-02  1.04292496e+03 -2.78439441e-01  9.69835870e+00]
     [ 9.69835870e+00 -2.78439441e-01  7.00774302e+00  4.68755740e+00]
     [-2.78439441e-01  9.69835870e+00  4.68755740e+00  7.00774302e+00]]
    x: [[85.07731001]
     [44.23157479]
     [19.7836443 ]
     [10.50052266]]
    P: [[ 1.04392498e+03  2.47554764e-02  9.69835088e+00 -2.78973386e-01]
     [ 2.47554764e-02  1.04392498e+03 -2.78973386e-01  9.69835088e+00]
     [ 9.69835088e+00 -2.78973386e-01  6.98137642e+00  4.71380273e+00]
     [-2.78973386e-01  9.69835088e+00  4.71380273e+00  6.98137642e+00]]
    x: [[87.27176637]
     [44.44618517]
     [19.51596986]
     [ 9.99917404]]
    P: [[ 1.04492500e+03  2.47819846e-02  9.69836275e+00 -2.79464297e-01]
     [ 2.47819846e-02  1.04492500e+03 -2.79464297e-01  9.69836275e+00]
     [ 9.69836275e+00 -2.79464297e-01  6.95618974e+00  4.73889484e+00]
     [-2.79464297e-01  9.69836275e+00  4.73889484e+00  6.95618974e+00]]
    x: [[88.95039164]
     [45.44270973]
     [19.31508555]
     [ 9.85689383]]
    P: [[ 1.04592502e+03  2.48055975e-02  9.69839149e+00 -2.79916532e-01]
     [ 2.48055975e-02  1.04592502e+03 -2.79916532e-01  9.69839149e+00]
     [ 9.69839149e+00 -2.79916532e-01  6.93210412e+00  4.76290672e+00]
     [-2.79916532e-01  9.69839149e+00  4.76290672e+00  6.93210412e+00]]
    x: [[90.47809884]
     [46.57727984]
     [19.09801537]
     [ 9.75741559]]
    P: [[ 1.04692504e+03  2.48266435e-02  9.69843460e+00 -2.80333981e-01]
     [ 2.48266435e-02  1.04692504e+03 -2.80333981e-01  9.69843460e+00]
     [ 9.69843460e+00 -2.80333981e-01  6.90904780e+00  4.78590555e+00]
     [-2.80333981e-01  9.69843460e+00  4.78590555e+00  6.90904780e+00]]
    x: [[91.79637577]
     [47.26013129]
     [18.51777818]
     [ 9.23939391]]
    P: [[ 1.04792505e+03  2.48454139e-02  9.69848987e+00 -2.80720113e-01]
     [ 2.48454139e-02  1.04792505e+03 -2.80720113e-01  9.69848987e+00]
     [ 9.69848987e+00 -2.80720113e-01  6.88695529e+00  4.80795322e+00]
     [-2.80720113e-01  9.69848987e+00  4.80795322e+00  6.88695529e+00]]
    x: [[93.88921564]
     [47.21024528]
     [18.18676379]
     [ 8.66044331]]
    P: [[ 1.04892507e+03  2.48621667e-02  9.69855538e+00 -2.81078023e-01]
     [ 2.48621667e-02  1.04892507e+03 -2.81078023e-01  9.69855538e+00]
     [ 9.69855538e+00 -2.81078023e-01  6.86576671e+00  4.82910683e+00]
     [-2.81078023e-01  9.69855538e+00  4.82910683e+00  6.86576671e+00]]
    x: [[95.21573697]
     [47.17621033]
     [17.36307772]
     [ 7.75517239]]
    P: [[ 1.04992508e+03  2.48771307e-02  9.69862945e+00 -2.81410474e-01]
     [ 2.48771307e-02  1.04992508e+03 -2.81410474e-01  9.69862945e+00]
     [ 9.69862945e+00 -2.81410474e-01  6.84542713e+00  4.84941915e+00]
     [-2.81410474e-01  9.69862945e+00  4.84941915e+00  6.84542713e+00]]
    x: [[97.35723687]
     [47.78006196]
     [17.56463901]
     [ 7.84362432]]
    P: [[ 1.05092509e+03  2.48905087e-02  9.69871060e+00 -2.81719931e-01]
     [ 2.48905087e-02  1.05092509e+03 -2.81719931e-01  9.69871060e+00]
     [ 9.69871060e+00 -2.81719931e-01  6.82588609e+00  4.86893893e+00]
     [-2.81719931e-01  9.69871060e+00  4.86893893e+00  6.82588609e+00]]
    x: [[98.51601377]
     [49.47511511]
     [17.61396398]
     [ 8.18302193]]
    P: [[ 1.05192509e+03  2.49024800e-02  9.69879755e+00 -2.82008596e-01]
     [ 2.49024800e-02  1.05192509e+03 -2.82008596e-01  9.69879755e+00]
     [ 9.69879755e+00 -2.82008596e-01  6.80709712e+00  4.88771132e+00]
     [-2.82008596e-01  9.69879755e+00  4.88771132e+00  6.80709712e+00]]
    x: [[100.41324881]
     [ 51.04731214]
     [ 18.10815128]
     [  8.79382361]]
    P: [[ 1.05292510e+03  2.49132037e-02  9.69888917e+00 -2.82278434e-01]
     [ 2.49132037e-02  1.05292510e+03 -2.82278434e-01  9.69888917e+00]
     [ 9.69888917e+00 -2.82278434e-01  6.78901735e+00  4.90577817e+00]
     [-2.82278434e-01  9.69888917e+00  4.90577817e+00  6.78901735e+00]]
    x: [[102.83862356]
     [ 50.21049133]
     [ 17.6398683 ]
     [  7.89391789]]
    P: [[ 1.05392511e+03  2.49228205e-02  9.69898451e+00 -2.82531204e-01]
     [ 2.49228205e-02  1.05392511e+03 -2.82531204e-01  9.69898451e+00]
     [ 9.69898451e+00 -2.82531204e-01  6.77160714e+00  4.92317830e+00]
     [-2.82531204e-01  9.69898451e+00  4.92317830e+00  6.77160714e+00]]
    x: [[105.73827526]
     [ 50.9685414 ]
     [ 18.4317278 ]
     [  8.47359437]]
    P: [[ 1.05492511e+03  2.49314552e-02  9.69908270e+00 -2.82768476e-01]
     [ 2.49314552e-02  1.05492511e+03 -2.82768476e-01  9.69908270e+00]
     [ 9.69908270e+00 -2.82768476e-01  6.75482981e+00  4.93994777e+00]
